0 73.17089080810547 32.79304504394531 0.01776190847158432 3.1254587211930236 0.8368055555555556 0.8513513513513513
0 36.78707504272461 194.0316619873047 1.8039759715371808 0.13683634996414185 0.9513888888888888 0.9324324324324325
0 224.0097198486328 129.80438995361328 1.5246405601501465 3.0921018329733094 0.7118055555555556 0.6756756756756757
0 205.43418884277344 62.04994201660156 1.7244703769683838 2.928570645051547 0.8194444444444444 0.8513513513513513
0 155.5410614013672 67.38232421875 2.456888437271118 3.107965512322732 0.9861111111111112 0.918918918918919
0 122.28430938720703 219.80694961547852 0.08733180165290833 3.0630008672648152 0.6979166666666666 0.6756756756756757
0 60.274139404296875 52.83538818359375 3.1008444299274167 3.1356617134348532 0.8715277777777778 0.9594594594594594
0 106.02656555175781 75.7425537109375 2.6938464661412915 3.0862514470987996 1.0 1.0
0 227.37120056152344 77.05476379394531 1.5393768866830548 0.3672577440738678 0.6666666666666666 0.6216216216216216
0 198.01644897460938 224.32626914978027 0.056772144632883936 2.758443148928233 0.6458333333333334 0.7837837837837838
0 151.63992309570312 204.07905197143555 0.26847681403160095 0.021683128672190577 0.8333333333333334 0.6891891891891891
0 92.85652160644531 225.27067184448242 3.0972211455279073 2.952491434412547 0.5277777777777778 0.6216216216216216
