0 59.08943557739258 48.58821105957031 0.12182988971471786 0.01609888871247378 0.8192307692307692 1.0
0 35.96645736694336 101.60360717773438 1.357915075617381 0.1924949735403061 0.9192307692307692 0.6547619047619048
0 214.57650756835938 101.08973693847656 1.6888826211267194 2.859045835333415 0.47692307692307695 0.5833333333333334
0 196.95004272460938 32.702056884765625 0.07588419318199158 3.06820464332635 0.9153846153846154 0.8095238095238095
0 130.77882385253906 91.87921142578125 1.273284673690796 0.3382185697555542 0.9153846153846154 0.8214285714285714
0 150.1167449951172 221.21156692504883 3.0891379249566278 3.063491681712218 0.5807692307692308 0.75
0 64.72164154052734 66.3023681640625 0.17793314158916473 2.4092144687944135 0.38461538461538464 0.5357142857142857
0 98.91875457763672 32.79264831542969 0.0363386906683445 3.057704934971877 0.9346153846153846 0.7976190476190477
0 224.80728149414062 88.76651000976562 1.5079585631662091 3.1115599387609443 0.6884615384615385 0.7619047619047619
0 202.77947998046875 191.78607940673828 1.031514048576355 3.0678755586319646 1.0 0.9047619047619048
0 156.06326293945312 205.62054824829102 3.005479263263293 0.3337112983041486 0.5769230769230769 0.5
0 98.8084487915039 206.69974517822266 3.0173941050940236 3.1038190481537065 0.8653846153846154 0.6666666666666666
