0 42.94863510131836 214.49324798583984 2.4939415772729596 0.8138303160667419 0.8989169675090253 0.7325581395348837
0 188.69039916992188 65.30729675292969 0.618998646736145 0.5097891092300415 0.8303249097472925 0.3953488372093023
0 186.1902313232422 32.750946044921875 3.093669919418641 3.1351757049560547 0.7472924187725631 0.6046511627906976
0 114.1993179321289 92.60919189453125 2.694502115249634 0.1473030298948288 0.9638989169675091 0.9883720930232558
0 141.76129150390625 221.25210189819336 0.04316980764269829 0.014923246698923975 0.8808664259927798 0.813953488372093
0 35.35490417480469 61.33369445800781 1.417579325037547 3.097925944375344 0.8880866425992779 0.7790697674418605
0 84.25977325439453 52.91258239746094 0.12760628759860992 3.1371434816443404 0.8700361010830325 0.7790697674418605
0 227.19114685058594 74.23321533203125 1.5361528396606445 2.9638102054595947 0.851985559566787 0.5813953488372093
0 195.52455139160156 188.10557556152344 0.1888434886932373 2.9908206462860107 0.9494584837545126 0.9069767441860465
0 168.53756713867188 204.9729118347168 0.061650726944208145 3.0545823519402227 0.8700361010830325 0.7790697674418605
0 92.8064193725586 190.51355743408203 2.2947895526885986 3.0764459540420255 1.0 1.0
