0 196.55885314941406 98.33042907714844 3.0369290878349027 3.0714003314548215 1.0 0.9166666666666666
0 196.6944580078125 56.240081787109375 2.9487108459048947 3.12054228794808 0.7015503875968992 0.9027777777777778
0 152.244384765625 37.031646728515625 2.9643552621179303 3.0706197937303266 0.7829457364341085 0.7916666666666666
0 191.70326232910156 219.60487747192383 3.0602600147300443 0.04285946686799136 0.9961240310077519 0.9027777777777778
0 72.14400482177734 78.26115417480469 0.08915866166353226 3.0682787244492253 0.9767441860465116 0.9722222222222222
0 103.19454193115234 30.809661865234375 3.1154664253168782 2.8691439628601074 0.7596899224806202 0.7222222222222222
0 213.04307556152344 59.90422058105469 0.7184584140777588 0.7477084994316101 0.562015503875969 0.75
0 129.1005401611328 186.46289825439453 0.7572702169418335 2.8391522785001477 0.751937984496124 0.8333333333333334
0 125.63018798828125 214.6408805847168 2.87667432625825 0.12454339861869812 0.8062015503875969 1.0
0 81.6066665649414 206.98126983642578 2.864418925839015 3.0923556742542466 0.9922480620155039 0.9444444444444444
