0 39.667137145996094 159.2097396850586 1.523956537246704 2.9981799890571317 0.9416342412451362 0.9746835443037974
0 197.24354553222656 73.60293579101562 2.7492052634530744 3.0849331339173993 1.0 0.569620253164557
0 196.96168518066406 32.748748779296875 0.0668536052107811 3.1272092574560126 0.5291828793774319 0.7341772151898734
0 197.55023193359375 106.24089050292969 0.27850472927093506 3.1243081280314406 0.9883268482490273 0.8481012658227848
0 130.48629760742188 218.27039337158203 0.18175317347049713 3.0883755927258214 0.5330739299610895 0.5569620253164557
0 61.44987487792969 53.15782165527344 0.014633115381002426 0.12415177375078201 0.9844357976653697 0.9113924050632911
0 113.12548065185547 78.30500793457031 1.4545505046844482 2.8231810947232923 0.9066147859922179 0.7848101265822784
0 199.86192321777344 35.011260986328125 2.8661768436431885 0.34289467334747314 0.5058365758754864 1.0
0 196.7321319580078 215.1839599609375 0.23639900982379913 3.0607629289203366 0.980544747081712 0.4936708860759494
0 148.49923706054688 196.9186668395996 1.0372509082132062 0.3144349157810211 0.7470817120622568 0.9113924050632911
0 118.43511962890625 201.19371795654297 0.6539142727851868 2.7549344321065625 0.7354085603112841 0.6329113924050633
